98 94 53.140000
o1 4 (25,33) (26,33) (27,33) (28,33)
o2 4 (31,33) (32,33) (33,33) (34,33)
o3 4 (36,33) (37,33) (38,33) (39,33)
o4 57 (45,33) (45,34) (45,35) (45,36) (45,37) (45,38) (45,39) (45,40) (45,41) (45,42) (45,43) (45,44) (45,45) (45,46) (45,47) (45,48) (45,49) (45,50) (45,51) (45,52) (45,53) (45,54) (45,55) (45,56) (45,57) (45,58) (45,59) (45,60) (45,61) (45,62) (45,63) (45,64) (45,65) (45,66) (45,67) (45,68) (45,69) (45,70) (45,71) (45,72) (45,73) (45,74) (45,75) (45,76) (45,77) (45,78) (45,79) (45,80) (45,81) (45,82) (45,83) (45,84) (45,85) (45,86) (45,87) (45,88) (45,89)
o5 4 (48,33) (49,33) (50,33) (51,33)
o6 57 (56,33) (56,34) (56,35) (56,36) (56,37) (56,38) (56,39) (56,40) (56,41) (56,42) (56,43) (56,44) (56,45) (56,46) (56,47) (56,48) (56,49) (56,50) (56,51) (56,52) (56,53) (56,54) (56,55) (56,56) (56,57) (56,58) (56,59) (56,60) (56,61) (56,62) (56,63) (56,64) (56,65) (56,66) (56,67) (56,68) (56,69) (56,70) (56,71) (56,72) (56,73) (56,74) (56,75) (56,76) (56,77) (56,78) (56,79) (56,80) (56,81) (56,82) (56,83) (56,84) (56,85) (56,86) (56,87) (56,88) (56,89)
o7 4 (59,33) (60,33) (61,33) (62,33)
o8 5 (64,33) (65,33) (66,33) (67,33) (68,33)
o9 4 (70,33) (71,33) (72,33) (73,33)
o10 4 (28,89) (29,89) (30,89) (31,89)
o11 5 (33,89) (34,89) (35,89) (36,89) (37,89)
o12 4 (39,89) (40,89) (41,89) (42,89)
o13 5 (50,89) (51,89) (52,89) (53,89) (54,89)
o14 4 (62,89) (63,89) (64,89) (65,89)
o15 4 (67,89) (68,89) (69,89) (70,89)
o16 1075 (14,74) (11,68) (12,78) (16,9) (17,20) (22,19) (20,7) (18,19) (16,47) (21,6) (10,61) (8,5) (13,32) (11,48) (18,45) (14,31) (12,59) (10,7) (18,43) (15,30) (15,89) (13,58) (11,22) (25,82) (12,17) (16,84) (21,81) (13,20) (16,34) (19,43) (14,43) (11,73) (10,75) (15,34) (18,60) (14,77) (12,69) (10,85) (17,75) (6,23) (15,74) (19,13) (17,13) (7,22) (16,28) (20,14) (18,10) (23,19) (21,15) (10,36) (8,12) (22,12) (11,41) (9,9) (23,9) (12,50) (10,14) (8,18) (13,51) (11,15) (9,19) (14,8) (12,8) (16,75) (15,13) (13,13) (19,70) (14,50) (18,81) (23,84) (15,43) (19,44) (17,45) (16,7) (6,14) (19,18) (17,6) (7,15) (20,21) (17,46) (18,5) (16,29) (17,88) (21,8) (16,50) (10,47) (17,78) (15,70) (22,7) (11,46) (14,68) (18,31) (17,81) (23,6) (12,41) (10,9) (17,65) (17,50) (17,27) (13,44) (15,88) (20,89) (9,20) (14,19) (12,7) (10,19) (16,66) (15,10) (13,6) (19,79) (11,26) (14,53) (12,29) (17,70) (16,88) (15,48) (19,53) (5,10) (11,87) (10,71) (20,88) (22,83) (19,27) (18,35) (13,70) (5,20) (11,65) (12,81) (17,29) (20,84) (16,20) (21,17) (17,17) (13,75) (18,57) (11,39) (18,22) (16,42) (19,61) (12,32) (10,48) (17,43) (13,37) (11,61) (18,48) (14,26) (12,62) (19,39) (10,26) (15,19) (13,63) (19,84) (11,19) (14,60) (12,20) (18,67) (15,57) (21,86) (13,25) (19,58) (14,38) (14,83) (10,78) (15,39) (19,32) (17,85) (14,72) (11,70) (12,72) (16,11) (6,18) (19,6) (18,32) (17,10) (22,17) (18,17) (23,20) (16,48) (10,59) (8,7) (22,11) (11,50) (14,70) (9,6) (14,29) (12,53) (10,5) (19,65) (15,24) (13,56) (11,8) (14,7) (12,19) (17,84) (16,86) (15,6) (13,18) (19,67) (17,61) (14,41) (18,84) (10,73) (23,89) (15,44) (19,41) (5,6) (15,73) (12,71) (11,85) (10,83) (25,89) (6,21) (19,15) (18,86) (7,16) (20,8) (18,8) (13,71) (21,13) (10,34) (8,14) (16,24) (11,43) (9,15) (23,11) (12,44) (10,12) (8,20) (13,49) (9,17) (14,14) (12,10) (10,22) (16,77) (15,15) (18,63) (13,11) (19,72) (18,58) (14,48) (17,37) (18,79) (17,86) (15,53) (19,46) (5,15) (6,12) (19,20) (7,9) (20,23) (12,84) (20,82) (24,82) (16,31) (21,22) (10,45) (18,34) (15,64) (22,5) (11,32) (18,29) (16,53) (12,43) (16,62) (10,55) (17,48) (13,42) (11,6) (14,64) (18,55) (14,17) (11,78) (10,17) (16,68) (15,20) (22,81) (19,81) (11,28) (14,59) (12,31) (18,70) (15,50) (15,83) (13,30) (19,55) (17,63) (5,8) (10,69) (6,7) (17,79) (19,29) (7,6) (5,18) (11,67) (18,61) (11,83) (24,89) (16,22) (17,23) (13,73) (11,89) (18,20) (18,89) (16,44) (12,34) (10,62) (17,41) (13,35) (11,63) (18,46) (14,24) (12,56) (10,24) (13,66) (15,29) (13,61) (19,86) (11,21) (12,22) (18,65) (16,81) (15,59) (13,88) (13,23) (19,60) (16,38) (14,36) (17,39) (10,76) (15,33) (19,34) (18,56) (14,78) (12,74) (10,86) (16,13) (6,16) (19,8) (17,8) (7,21) (22,23) (18,15) (23,22) (10,57) (18,36) (8,9) (22,9) (11,52) (18,41) (25,85) (23,12) (12,55) (16,60) (15,26) (21,85) (13,54) (13,68) (11,10) (14,66) (14,5) (12,13) (11,76) (17,28) (16,72) (13,16) (19,69) (14,47) (24,84) (18,82) (15,46) (15,81) (17,30) (17,57) (14,81) (12,65) (10,81) (13,65) (6,11) (19,17) (7,18) (20,10) (18,6) (16,26) (21,11) (10,32) (15,69) (17,66) (11,45) (9,13) (23,5) (12,46) (10,10) (8,22) (13,47) (9,23) (14,12) (10,20) (16,79) (15,9) (14,84) (13,9) (19,74) (11,25) (15,78) (14,54) (18,77) (15,55) (19,48) (5,13) (17,33) (10,88) (17,83) (19,22) (21,88) (13,83) (7,11) (5,23) (20,17) (12,86) (22,88) (16,17) (21,20) (10,43) (16,32) (15,66) (13,78) (11,34) (18,27) (16,55) (12,37) (10,53) (18,38) (17,54) (13,40) (11,56) (18,53) (25,87) (14,23) (16,58) (10,31) (16,70) (15,22) (22,87) (19,83) (11,30) (14,57) (12,25) (11,74) (15,60) (13,28) (19,57) (14,35) (10,67) (6,5) (15,87) (19,31) (17,59) (5,16) (11,69) (12,77) (16,8) (19,5) (17,21) (22,18) (20,6) (18,18) (16,46) (21,7) (10,60) (17,47) (13,33) (11,49) (18,44) (14,30) (12,58) (10,6) (15,31) (13,59) (19,88) (11,23) (17,69) (13,80) (12,16) (16,83) (15,5) (17,72) (13,21) (19,62) (14,42) (18,62) (10,74) (15,35) (19,36) (14,89) (14,76) (12,68) (10,84) (16,15) (6,22) (19,10) (17,14) (7,23) (22,21) (20,13) (18,13) (23,16) (13,67) (10,39) (8,11) (22,15) (11,54) (18,68) (9,10) (23,14) (12,49) (18,40) (8,17) (11,81) (13,52) (11,12) (25,81) (14,11) (12,15) (16,56) (16,74) (13,14) (17,36) (18,59) (14,45) (11,72) (23,85) (15,40) (19,45) (14,87) (12,67) (16,6) (6,9) (15,85) (19,19) (17,7) (7,12) (20,20) (12,89) (13,69) (21,9) (10,46) (15,71) (22,6) (11,47) (18,30) (23,7) (12,40) (10,8) (17,51) (13,45) (11,5) (9,21) (14,18) (12,6) (10,18) (16,65) (15,11) (17,31) (13,7) (19,76) (11,27) (14,52) (17,34) (12,28) (18,75) (23,82) (15,49) (19,50) (5,11) (10,70) (19,24) (17,67) (7,5) (5,21) (20,19) (12,80) (24,86) (16,19) (21,18) (16,51) (10,41) (17,18) (24,87) (13,76) (16,37) (11,36) (14,69) (18,25) (16,41) (12,39) (10,51) (17,52) (13,38) (11,58) (18,51) (14,21) (12,61) (10,29) (18,42) (15,16) (22,85) (19,85) (11,16) (25,83) (14,63) (12,27) (18,66) (15,62) (21,87) (13,26) (19,59) (14,33) (11,86) (10,65) (20,87) (15,36) (19,33) (14,75) (11,71) (12,79) (16,10) (15,75) (19,7) (17,11) (22,16) (18,16) (23,21) (21,5) (10,58) (8,6) (22,10) (11,51) (9,7) (14,28) (12,52) (15,25) (13,57) (11,9) (14,6) (12,18) (16,85) (15,7) (13,19) (19,64) (14,40) (14,80) (18,87) (10,72) (15,45) (19,38) (5,7) (12,70) (10,82) (13,89) (6,20) (19,12) (18,33) (17,12) (7,17) (20,15) (18,11) (23,18) (17,89) (21,14) (10,37) (8,13) (22,13) (11,40) (14,71) (9,8) (23,8) (12,51) (10,15) (17,73) (8,19) (13,50) (12,83) (11,14) (18,72) (9,18) (14,9) (12,9) (16,76) (15,12) (21,89) (13,12) (19,73) (14,88) (17,60) (14,51) (18,78) (23,87) (15,42) (19,47) (14,85) (11,84) (6,15) (19,21) (17,5) (7,14) (20,22) (24,81) (16,30) (21,23) (10,44) (15,65) (16,36) (11,33) (18,28) (16,52) (12,42) (10,54) (17,49) (13,43) (11,7) (18,54) (14,16) (10,16) (16,67) (15,21) (13,5) (19,78) (11,29) (14,58) (12,30) (18,73) (16,89) (15,51) (13,31) (19,52) (15,72) (5,9) (14,82) (10,68) (6,6) (19,26) (7,7) (5,19) (11,64) (12,82) (24,88) (16,21) (21,16) (17,26) (17,16) (13,74) (11,38) (18,23) (16,43) (12,33) (16,63) (10,49) (17,24) (17,42) (21,82) (13,36) (11,60) (14,65) (18,49) (17,35) (14,27) (12,63) (10,27) (15,18) (13,62) (19,87) (11,18) (18,74) (14,61) (12,21) (18,64) (16,80) (15,56) (15,82) (13,24) (17,76) (17,62) (14,39) (17,87) (10,79) (15,38) (19,35) (14,73) (12,73) (11,82) (16,12) (6,19) (19,9) (17,9) (22,22) (15,76) (18,14) (23,23) (15,79) (10,56) (8,8) (22,8) (11,53) (9,5) (23,13) (12,54) (23,86) (15,27) (13,85) (13,55) (11,11) (12,12) (11,88) (16,87) (16,39) (13,17) (19,66) (14,46) (17,38) (18,85) (23,88) (15,47) (13,82) (19,40) (5,5) (12,64) (10,80) (25,88) (6,10) (19,14) (7,19) (20,9) (18,9) (16,25) (21,12) (10,35) (18,37) (8,15) (13,86) (11,42) (9,14) (25,84) (23,10) (12,45) (16,61) (10,13) (8,21) (21,84) (13,48) (14,67) (9,16) (14,15) (12,11) (11,79) (10,23) (16,78) (15,14) (13,10) (19,75) (14,49) (18,76) (23,81) (15,52) (15,80) (19,49) (17,56) (5,14) (13,64) (6,13) (19,23) (7,8) (17,71) (20,16) (12,85) (11,80) (24,83) (16,16) (21,21) (17,74) (10,42) (20,86) (15,67) (13,79) (11,35) (18,26) (16,54) (12,36) (10,52) (17,55) (13,41) (11,57) (18,52) (14,22) (13,87) (10,30) (16,69) (15,23) (22,86) (19,80) (11,31) (14,56) (12,24) (18,71) (15,61) (13,29) (19,54) (14,34) (17,32) (10,66) (17,82) (20,83) (19,28) (16,35) (5,17) (11,66) (12,76) (22,89) (16,23) (17,22) (13,72) (20,5) (18,21) (16,45) (12,35) (10,63) (18,39) (17,40) (13,34) (11,62) (18,47) (25,86) (14,25) (12,57) (16,59) (10,25) (15,28) (13,60) (19,89) (11,20) (12,23) (11,77) (16,82) (15,58) (21,83) (13,22) (19,63) (14,37) (18,88) (10,77) (15,32) (15,86) (19,37) (17,58) (14,79) (12,75) (10,87) (16,14) (6,17) (17,25) (19,11) (17,15) (7,20) (22,20) (20,12) (17,44) (18,12) (23,17) (20,81) (10,38) (8,10) (22,14) (11,55) (9,11) (23,15) (12,48) (8,16) (17,77) (13,53) (11,13) (14,10) (17,80) (12,14) (22,84) (16,73) (22,82) (13,15) (19,68) (14,44) (18,83) (15,41) (19,42) (15,77) (14,86) (12,66) (16,5) (6,8) (19,16) (7,13) (20,11) (12,88) (18,7) (16,27) (21,10) (10,33) (19,71) (15,68) (13,84) (11,44) (9,12) (16,49) (20,85) (12,47) (10,11) (8,23) (13,46) (9,22) (14,13) (12,5) (16,57) (10,21) (16,64) (15,8) (13,8) (19,77) (11,24) (14,55) (11,75) (23,83) (15,54) (19,51) (18,80) (5,12) (10,89) (15,84) (19,25) (17,68) (7,10) (5,22) (20,18) (12,87) (24,85) (16,18) (21,19) (10,40) (17,19) (13,77) (11,37) (18,24) (16,40) (12,38) (10,50) (17,53) (13,39) (11,59) (18,50) (14,20) (12,60) (13,81) (10,28) (16,71) (15,17) (16,33) (19,82) (11,17) (14,62) (12,26) (18,69) (15,63) (13,27) (19,56) (17,64) (14,32) (10,64) (15,37) (19,30)
o17 1018 (76,21) (91,23) (89,11) (92,16) (88,48) (87,72) (93,21) (91,13) (85,63) (92,14) (87,59) (73,82) (86,60) (93,15) (88,75) (80,12) (85,25) (83,9) (81,9) (86,22) (82,14) (87,23) (76,88) (81,35) (86,8) (82,40) (87,13) (83,85) (87,36) (75,11) (82,66) (88,17) (76,12) (89,12) (84,62) (77,17) (77,87) (90,11) (88,55) (87,65) (84,69) (85,56) (92,5) (86,55) (93,8) (87,54) (80,36) (85,34) (88,35) (83,14) (80,82) (86,41) (84,9) (82,9) (85,78) (80,25) (85,12) (85,83) (81,36) (83,35) (82,35) (87,10) (80,58) (87,60) (81,62) (80,79) (87,43) (82,61) (88,24) (78,15) (81,87) (76,11) (88,86) (83,64) (89,21) (79,14) (77,10) (90,18) (82,87) (86,84) (84,36) (78,86) (83,49) (86,78) (81,74) (79,82) (85,43) (83,23) (75,82) (87,57) (86,32) (84,16) (88,73) (80,16) (85,21) (77,88) (81,29) (86,26) (75,83) (82,26) (80,54) (84,86) (74,87) (81,55) (82,52) (88,31) (78,22) (85,89) (84,56) (83,73) (79,23) (88,46) (80,77) (81,64) (82,78) (88,5) (87,87) (84,75) (85,67) (91,16) (84,60) (83,54) (77,89) (90,7) (86,65) (87,77) (84,49) (85,52) (83,28) (86,59) (84,31) (80,23) (80,34) (85,30) (88,33) (74,85) (80,80) (81,22) (86,29) (84,5) (82,21) (80,45) (85,85) (81,40) (83,33) (82,47) (80,67) (83,78) (88,68) (75,20) (87,50) (82,73) (88,12) (80,89) (84,82) (76,23) (88,84) (89,9) (77,22) (92,18) (83,59) (90,14) (86,88) (87,38) (93,19) (91,15) (85,61) (92,8) (86,50) (93,13) (80,14) (85,39) (83,11) (81,15) (86,20) (84,12) (82,12) (87,17) (81,33) (86,14) (82,38) (87,15) (83,87) (81,59) (75,13) (82,64) (88,19) (78,10) (84,89) (76,14) (89,18) (87,40) (77,15) (80,75) (90,9) (88,59) (86,83) (87,67) (84,71) (87,48) (76,83) (92,7) (83,42) (86,53) (93,6) (80,5) (79,87) (85,32) (83,16) (86,47) (84,11) (73,89) (82,7) (80,27) (80,32) (85,10) (81,26) (82,33) (80,49) (84,45) (85,87) (74,88) (81,60) (82,59) (88,26) (78,13) (76,5) (83,66) (79,8) (77,8) (90,16) (82,85) (87,88) (80,51) (88,82) (87,39) (83,51) (84,74) (86,76) (84,24) (85,41) (83,25) (75,84) (86,38) (84,18) (80,57) (80,18) (85,19) (77,86) (79,84) (81,19) (80,78) (86,24) (82,24) (81,80) (80,40) (81,53) (88,83) (82,50) (78,20) (74,82) (88,72) (83,75) (78,81) (79,17) (75,17) (81,70) (82,76) (88,7) (87,81) (84,85) (85,65) (91,18) (89,6) (87,46) (88,42) (92,21) (80,73) (90,5) (86,71) (87,79) (84,51) (91,8) (76,81) (84,48) (85,50) (83,30) (76,85) (83,40) (86,57) (84,25) (80,9) (85,28) (74,83) (81,20) (84,66) (86,19) (84,7) (82,19) (80,47) (84,63) (85,6) (81,46) (82,45) (80,69) (84,35) (85,73) (83,80) (75,22) (84,30) (82,71) (88,14) (76,17) (89,15) (77,20) (90,12) (88,52) (87,68) (93,17) (88,80) (85,59) (92,10) (84,72) (73,86) (86,48) (93,11) (87,53) (85,37) (83,13) (75,88) (81,13) (86,42) (84,14) (82,10) (87,19) (85,15) (81,39) (86,12) (82,36) (87,9) (88,57) (83,89) (81,57) (83,56) (75,15) (82,62) (88,21) (78,8) (76,8) (81,75) (89,16) (79,13) (77,13) (90,23) (82,88) (86,81) (84,65) (91,6) (87,44) (88,40) (83,44) (80,87) (86,75) (84,47) (76,87) (80,7) (84,54) (85,46) (83,18) (75,81) (81,6) (83,38) (86,45) (84,21) (82,5) (80,29) (85,8) (81,24) (79,81) (86,7) (77,83) (82,31) (87,6) (87,25) (81,50) (87,74) (82,57) (88,28) (78,19) (84,33) (76,7) (85,75) (83,68) (84,68) (79,10) (77,6) (81,67) (82,83) (81,77) (85,70) (83,53) (86,66) (80,63) (88,78) (85,55) (83,27) (75,86) (84,78) (86,36) (84,28) (83,62) (80,20) (85,17) (77,84) (74,86) (81,17) (86,30) (81,82) (82,22) (80,42) (81,43) (88,51) (82,48) (80,64) (83,77) (79,19) (75,19) (81,68) (82,74) (88,9) (87,83) (84,87) (76,20) (91,20) (88,62) (92,23) (86,69) (87,73) (93,22) (80,56) (91,10) (80,39) (85,48) (88,38) (92,13) (80,85) (87,41) (73,83) (86,63) (84,27) (88,63) (80,11) (84,52) (85,26) (85,80) (83,6) (81,10) (83,36) (86,17) (82,17) (87,20) (88,71) (79,85) (81,44) (86,11) (73,87) (82,43) (80,71) (87,31) (88,89) (83,82) (75,8) (82,69) (88,16) (78,7) (84,39) (76,19) (85,77) (89,13) (79,6) (77,18) (90,10) (88,54) (87,70) (81,79) (85,57) (83,41) (87,58) (73,84) (86,54) (93,9) (88,76) (87,55) (85,35) (83,15) (84,76) (86,40) (84,8) (82,8) (80,24) (85,13) (81,37) (82,34) (87,11) (81,63) (82,60) (88,23) (78,14) (76,10) (83,65) (89,22) (79,15) (77,11) (90,21) (82,86) (86,87) (84,67) (83,46) (88,66) (86,73) (84,41) (80,37) (85,44) (88,36) (83,20) (80,83) (86,35) (84,23) (80,31) (84,42) (85,22) (85,82) (81,30) (83,34) (86,5) (88,45) (82,29) (80,53) (81,84) (81,48) (75,6) (82,55) (88,30) (78,17) (87,29) (88,87) (83,70) (79,20) (78,85) (81,65) (82,81) (88,65) (87,84) (84,37) (85,68) (91,17) (83,55) (88,67) (90,6) (86,64) (81,73) (79,88) (85,53) (83,29) (87,56) (86,58) (80,59) (88,74) (80,22) (85,31) (77,82) (74,84) (81,23) (86,28) (85,79) (82,20) (80,44) (84,59) (81,41) (82,46) (80,66) (83,79) (87,37) (88,47) (75,21) (82,72) (88,11) (80,88) (84,81) (76,22) (91,22) (89,10) (84,61) (77,23) (92,17) (88,49) (87,75) (93,20) (91,12) (85,62) (92,15) (73,81) (86,61) (93,14) (80,13) (80,35) (85,24) (88,34) (83,8) (80,81) (81,8) (86,23) (82,15) (87,22) (84,40) (76,89) (85,84) (81,34) (83,32) (86,9) (82,41) (87,12) (83,84) (88,61) (75,10) (83,60) (82,67) (88,18) (78,5) (84,88) (76,13) (88,85) (89,19) (77,16) (90,8) (86,82) (87,64) (84,70) (91,5) (92,6) (88,81) (86,52) (93,7) (88,70) (87,49) (78,83) (85,33) (83,17) (87,62) (86,46) (84,10) (82,6) (80,26) (85,11) (81,27) (87,61) (88,69) (82,32) (87,5) (74,81) (81,61) (81,88) (82,58) (88,25) (78,12) (83,67) (89,20) (79,9) (77,9) (80,76) (90,19) (82,84) (86,85) (87,89) (84,77) (87,35) (83,48) (86,79) (84,43) (85,42) (83,22) (75,85) (86,33) (84,17) (80,17) (80,33) (85,20) (86,74) (81,28) (86,27) (82,27) (80,55) (84,46) (85,86) (81,54) (82,53) (78,23) (85,88) (83,72) (79,22) (81,71) (82,79) (88,6) (87,86) (84,84) (85,66) (91,19) (89,7) (92,20) (81,89) (87,51) (86,70) (87,76) (84,50) (91,9) (80,60) (85,51) (83,31) (88,44) (86,56) (81,85) (80,8) (85,29) (83,5) (81,21) (86,18) (84,6) (82,18) (80,46) (85,7) (78,84) (81,47) (88,64) (82,44) (80,68) (83,81) (75,23) (82,70) (88,13) (84,83) (76,16) (89,8) (79,5) (77,81) (77,21) (92,19) (80,74) (90,15) (86,89) (87,69) (93,18) (91,14) (76,82) (85,60) (92,9) (83,43) (86,51) (93,12) (80,15) (85,38) (83,10) (75,89) (81,14) (86,21) (84,13) (82,13) (87,16) (87,26) (81,32) (86,15) (82,39) (87,14) (84,44) (85,72) (83,86) (81,58) (75,12) (82,65) (88,20) (78,11) (76,15) (89,17) (77,14) (90,22) (86,80) (87,66) (80,50) (91,7) (83,45) (73,88) (84,64) (93,5) (80,6) (79,86) (85,47) (83,57) (83,19) (81,7) (86,44) (84,20) (80,28) (85,9) (88,60) (81,25) (86,6) (83,61) (82,30) (87,32) (87,7) (81,72) (81,51) (75,5) (82,56) (88,27) (78,18) (76,6) (83,69) (79,11) (77,7) (78,89) (90,17) (82,82) (84,79) (85,71) (78,82) (87,47) (88,41) (83,50) (80,72) (86,77) (88,56) (84,53) (85,40) (83,24) (75,87) (86,39) (84,19) (80,19) (85,18) (77,85) (74,89) (81,18) (86,25) (82,25) (87,34) (80,41) (87,24) (79,89) (79,83) (81,52) (88,58) (82,51) (78,21) (84,34) (85,74) (83,74) (79,16) (75,16) (81,69) (82,77) (88,8) (87,80) (81,76) (85,64) (91,21) (89,5) (92,22) (78,88) (86,68) (87,78) (93,23) (91,11) (85,49) (92,12) (86,62) (84,26) (80,10) (85,27) (83,7) (81,11) (86,16) (81,81) (82,16) (87,21) (85,5) (81,45) (86,10) (82,42) (80,70) (83,83) (84,58) (75,9) (82,68) (88,15) (78,6) (76,18) (87,63) (89,14) (79,7) (77,19) (88,43) (90,13) (87,42) (88,53) (87,71) (93,16) (81,86) (88,32) (87,45) (85,58) (88,39) (92,11) (80,86) (73,85) (86,49) (93,10) (76,86) (87,52) (85,36) (78,87) (83,12) (81,12) (83,39) (86,43) (84,15) (82,11) (87,18) (85,14) (81,38) (86,13) (82,37) (87,8) (87,30) (83,88) (81,56) (75,14) (82,63) (88,22) (78,9) (84,32) (76,9) (85,76) (89,23) (79,12) (77,12) (90,20) (82,89) (86,86) (81,78) (84,57) (83,47) (86,72) (80,62) (88,77) (85,45) (83,21) (81,5) (86,34) (84,22) (83,63) (80,30) (85,23) (81,31) (81,83) (82,28) (80,52) (81,49) (88,50) (75,7) (82,54) (88,29) (78,16) (83,71) (79,21) (77,5) (81,66) (82,80) (87,85) (84,73) (85,69) (83,52) (88,79) (86,67) (84,55) (80,38) (85,54) (80,48) (83,26) (80,84) (83,58) (86,37) (84,29) (87,33) (80,61) (76,84) (80,21) (85,16) (85,81) (88,37) (81,16) (83,37) (86,31) (82,23) (87,27) (80,43) (81,42) (82,49) (80,65) (87,28) (88,88) (83,76) (79,18) (75,18) (84,80) (82,75) (88,10) (87,82) (84,38)
o18 4 (42,33) (43,33) (44,33) (45,33)
o19 4 (45,89) (46,89) (47,89) (48,89)
o20 4 (53,33) (54,33) (55,33) (56,33)
o21 4 (56,89) (57,89) (58,89) (59,89)
o22 57 (28,33) (28,34) (28,35) (28,36) (28,37) (28,38) (28,39) (28,40) (28,41) (28,42) (28,43) (28,44) (28,45) (28,46) (28,47) (28,48) (28,49) (28,50) (28,51) (28,52) (28,53) (28,54) (28,55) (28,56) (28,57) (28,58) (28,59) (28,60) (28,61) (28,62) (28,63) (28,64) (28,65) (28,66) (28,67) (28,68) (28,69) (28,70) (28,71) (28,72) (28,73) (28,74) (28,75) (28,76) (28,77) (28,78) (28,79) (28,80) (28,81) (28,82) (28,83) (28,84) (28,85) (28,86) (28,87) (28,88) (28,89)
o23 57 (31,33) (31,34) (31,35) (31,36) (31,37) (31,38) (31,39) (31,40) (31,41) (31,42) (31,43) (31,44) (31,45) (31,46) (31,47) (31,48) (31,49) (31,50) (31,51) (31,52) (31,53) (31,54) (31,55) (31,56) (31,57) (31,58) (31,59) (31,60) (31,61) (31,62) (31,63) (31,64) (31,65) (31,66) (31,67) (31,68) (31,69) (31,70) (31,71) (31,72) (31,73) (31,74) (31,75) (31,76) (31,77) (31,78) (31,79) (31,80) (31,81) (31,82) (31,83) (31,84) (31,85) (31,86) (31,87) (31,88) (31,89)
o24 114 (33,33) (33,34) (33,35) (33,36) (33,37) (33,38) (33,39) (33,40) (33,41) (33,42) (33,43) (33,44) (33,45) (33,46) (33,47) (33,48) (33,49) (33,50) (33,51) (33,52) (33,53) (33,54) (33,55) (33,56) (33,57) (33,58) (33,59) (33,60) (33,61) (33,62) (33,63) (33,64) (33,65) (33,66) (33,67) (33,68) (33,69) (33,70) (33,71) (33,72) (33,73) (33,74) (33,75) (33,76) (33,77) (33,78) (33,79) (33,80) (33,81) (33,82) (33,83) (33,84) (33,85) (33,86) (33,87) (33,88) (33,89) (34,33) (34,34) (34,35) (34,36) (34,37) (34,38) (34,39) (34,40) (34,41) (34,42) (34,43) (34,44) (34,45) (34,46) (34,47) (34,48) (34,49) (34,50) (34,51) (34,52) (34,53) (34,54) (34,55) (34,56) (34,57) (34,58) (34,59) (34,60) (34,61) (34,62) (34,63) (34,64) (34,65) (34,66) (34,67) (34,68) (34,69) (34,70) (34,71) (34,72) (34,73) (34,74) (34,75) (34,76) (34,77) (34,78) (34,79) (34,80) (34,81) (34,82) (34,83) (34,84) (34,85) (34,86) (34,87) (34,88) (34,89)
o25 114 (36,33) (36,34) (36,35) (36,36) (36,37) (36,38) (36,39) (36,40) (36,41) (36,42) (36,43) (36,44) (36,45) (36,46) (36,47) (36,48) (36,49) (36,50) (36,51) (36,52) (36,53) (36,54) (36,55) (36,56) (36,57) (36,58) (36,59) (36,60) (36,61) (36,62) (36,63) (36,64) (36,65) (36,66) (36,67) (36,68) (36,69) (36,70) (36,71) (36,72) (36,73) (36,74) (36,75) (36,76) (36,77) (36,78) (36,79) (36,80) (36,81) (36,82) (36,83) (36,84) (36,85) (36,86) (36,87) (36,88) (36,89) (37,33) (37,34) (37,35) (37,36) (37,37) (37,38) (37,39) (37,40) (37,41) (37,42) (37,43) (37,44) (37,45) (37,46) (37,47) (37,48) (37,49) (37,50) (37,51) (37,52) (37,53) (37,54) (37,55) (37,56) (37,57) (37,58) (37,59) (37,60) (37,61) (37,62) (37,63) (37,64) (37,65) (37,66) (37,67) (37,68) (37,69) (37,70) (37,71) (37,72) (37,73) (37,74) (37,75) (37,76) (37,77) (37,78) (37,79) (37,80) (37,81) (37,82) (37,83) (37,84) (37,85) (37,86) (37,87) (37,88) (37,89)
o26 57 (39,33) (39,34) (39,35) (39,36) (39,37) (39,38) (39,39) (39,40) (39,41) (39,42) (39,43) (39,44) (39,45) (39,46) (39,47) (39,48) (39,49) (39,50) (39,51) (39,52) (39,53) (39,54) (39,55) (39,56) (39,57) (39,58) (39,59) (39,60) (39,61) (39,62) (39,63) (39,64) (39,65) (39,66) (39,67) (39,68) (39,69) (39,70) (39,71) (39,72) (39,73) (39,74) (39,75) (39,76) (39,77) (39,78) (39,79) (39,80) (39,81) (39,82) (39,83) (39,84) (39,85) (39,86) (39,87) (39,88) (39,89)
o27 114 (50,33) (50,34) (50,35) (50,36) (50,37) (50,38) (50,39) (50,40) (50,41) (50,42) (50,43) (50,44) (50,45) (50,46) (50,47) (50,48) (50,49) (50,50) (50,51) (50,52) (50,53) (50,54) (50,55) (50,56) (50,57) (50,58) (50,59) (50,60) (50,61) (50,62) (50,63) (50,64) (50,65) (50,66) (50,67) (50,68) (50,69) (50,70) (50,71) (50,72) (50,73) (50,74) (50,75) (50,76) (50,77) (50,78) (50,79) (50,80) (50,81) (50,82) (50,83) (50,84) (50,85) (50,86) (50,87) (50,88) (50,89) (51,33) (51,34) (51,35) (51,36) (51,37) (51,38) (51,39) (51,40) (51,41) (51,42) (51,43) (51,44) (51,45) (51,46) (51,47) (51,48) (51,49) (51,50) (51,51) (51,52) (51,53) (51,54) (51,55) (51,56) (51,57) (51,58) (51,59) (51,60) (51,61) (51,62) (51,63) (51,64) (51,65) (51,66) (51,67) (51,68) (51,69) (51,70) (51,71) (51,72) (51,73) (51,74) (51,75) (51,76) (51,77) (51,78) (51,79) (51,80) (51,81) (51,82) (51,83) (51,84) (51,85) (51,86) (51,87) (51,88) (51,89)
o28 57 (62,33) (62,34) (62,35) (62,36) (62,37) (62,38) (62,39) (62,40) (62,41) (62,42) (62,43) (62,44) (62,45) (62,46) (62,47) (62,48) (62,49) (62,50) (62,51) (62,52) (62,53) (62,54) (62,55) (62,56) (62,57) (62,58) (62,59) (62,60) (62,61) (62,62) (62,63) (62,64) (62,65) (62,66) (62,67) (62,68) (62,69) (62,70) (62,71) (62,72) (62,73) (62,74) (62,75) (62,76) (62,77) (62,78) (62,79) (62,80) (62,81) (62,82) (62,83) (62,84) (62,85) (62,86) (62,87) (62,88) (62,89)
o29 114 (64,33) (64,34) (64,35) (64,36) (64,37) (64,38) (64,39) (64,40) (64,41) (64,42) (64,43) (64,44) (64,45) (64,46) (64,47) (64,48) (64,49) (64,50) (64,51) (64,52) (64,53) (64,54) (64,55) (64,56) (64,57) (64,58) (64,59) (64,60) (64,61) (64,62) (64,63) (64,64) (64,65) (64,66) (64,67) (64,68) (64,69) (64,70) (64,71) (64,72) (64,73) (64,74) (64,75) (64,76) (64,77) (64,78) (64,79) (64,80) (64,81) (64,82) (64,83) (64,84) (64,85) (64,86) (64,87) (64,88) (64,89) (65,33) (65,34) (65,35) (65,36) (65,37) (65,38) (65,39) (65,40) (65,41) (65,42) (65,43) (65,44) (65,45) (65,46) (65,47) (65,48) (65,49) (65,50) (65,51) (65,52) (65,53) (65,54) (65,55) (65,56) (65,57) (65,58) (65,59) (65,60) (65,61) (65,62) (65,63) (65,64) (65,65) (65,66) (65,67) (65,68) (65,69) (65,70) (65,71) (65,72) (65,73) (65,74) (65,75) (65,76) (65,77) (65,78) (65,79) (65,80) (65,81) (65,82) (65,83) (65,84) (65,85) (65,86) (65,87) (65,88) (65,89)
o30 114 (67,33) (67,34) (67,35) (67,36) (67,37) (67,38) (67,39) (67,40) (67,41) (67,42) (67,43) (67,44) (67,45) (67,46) (67,47) (67,48) (67,49) (67,50) (67,51) (67,52) (67,53) (67,54) (67,55) (67,56) (67,57) (67,58) (67,59) (67,60) (67,61) (67,62) (67,63) (67,64) (67,65) (67,66) (67,67) (67,68) (67,69) (67,70) (67,71) (67,72) (67,73) (67,74) (67,75) (67,76) (67,77) (67,78) (67,79) (67,80) (67,81) (67,82) (67,83) (67,84) (67,85) (67,86) (67,87) (67,88) (67,89) (68,33) (68,34) (68,35) (68,36) (68,37) (68,38) (68,39) (68,40) (68,41) (68,42) (68,43) (68,44) (68,45) (68,46) (68,47) (68,48) (68,49) (68,50) (68,51) (68,52) (68,53) (68,54) (68,55) (68,56) (68,57) (68,58) (68,59) (68,60) (68,61) (68,62) (68,63) (68,64) (68,65) (68,66) (68,67) (68,68) (68,69) (68,70) (68,71) (68,72) (68,73) (68,74) (68,75) (68,76) (68,77) (68,78) (68,79) (68,80) (68,81) (68,82) (68,83) (68,84) (68,85) (68,86) (68,87) (68,88) (68,89)
o31 57 (70,33) (70,34) (70,35) (70,36) (70,37) (70,38) (70,39) (70,40) (70,41) (70,42) (70,43) (70,44) (70,45) (70,46) (70,47) (70,48) (70,49) (70,50) (70,51) (70,52) (70,53) (70,54) (70,55) (70,56) (70,57) (70,58) (70,59) (70,60) (70,61) (70,62) (70,63) (70,64) (70,65) (70,66) (70,67) (70,68) (70,69) (70,70) (70,71) (70,72) (70,73) (70,74) (70,75) (70,76) (70,77) (70,78) (70,79) (70,80) (70,81) (70,82) (70,83) (70,84) (70,85) (70,86) (70,87) (70,88) (70,89)
o32 54 (25,33) (25,34) (25,35) (25,36) (25,37) (25,38) (25,39) (25,40) (25,41) (25,42) (25,43) (25,44) (25,45) (25,46) (25,47) (25,48) (25,49) (25,50) (25,51) (25,52) (25,53) (25,54) (25,55) (25,56) (25,57) (25,58) (25,59) (25,60) (25,61) (25,62) (25,63) (25,64) (25,65) (25,66) (25,67) (25,68) (25,69) (25,70) (25,71) (25,72) (25,73) (25,74) (25,75) (25,76) (25,77) (25,78) (25,79) (25,80) (25,81) (25,82) (25,83) (25,84) (25,85) (25,86)
o33 54 (73,33) (73,34) (73,35) (73,36) (73,37) (73,38) (73,39) (73,40) (73,41) (73,42) (73,43) (73,44) (73,45) (73,46) (73,47) (73,48) (73,49) (73,50) (73,51) (73,52) (73,53) (73,54) (73,55) (73,56) (73,57) (73,58) (73,59) (73,60) (73,61) (73,62) (73,63) (73,64) (73,65) (73,66) (73,67) (73,68) (73,69) (73,70) (73,71) (73,72) (73,73) (73,74) (73,75) (73,76) (73,77) (73,78) (73,79) (73,80) (73,81) (73,82) (73,83) (73,84) (73,85) (73,86)
o34 57 (42,33) (42,34) (42,35) (42,36) (42,37) (42,38) (42,39) (42,40) (42,41) (42,42) (42,43) (42,44) (42,45) (42,46) (42,47) (42,48) (42,49) (42,50) (42,51) (42,52) (42,53) (42,54) (42,55) (42,56) (42,57) (42,58) (42,59) (42,60) (42,61) (42,62) (42,63) (42,64) (42,65) (42,66) (42,67) (42,68) (42,69) (42,70) (42,71) (42,72) (42,73) (42,74) (42,75) (42,76) (42,77) (42,78) (42,79) (42,80) (42,81) (42,82) (42,83) (42,84) (42,85) (42,86) (42,87) (42,88) (42,89)
o35 57 (48,33) (48,34) (48,35) (48,36) (48,37) (48,38) (48,39) (48,40) (48,41) (48,42) (48,43) (48,44) (48,45) (48,46) (48,47) (48,48) (48,49) (48,50) (48,51) (48,52) (48,53) (48,54) (48,55) (48,56) (48,57) (48,58) (48,59) (48,60) (48,61) (48,62) (48,63) (48,64) (48,65) (48,66) (48,67) (48,68) (48,69) (48,70) (48,71) (48,72) (48,73) (48,74) (48,75) (48,76) (48,77) (48,78) (48,79) (48,80) (48,81) (48,82) (48,83) (48,84) (48,85) (48,86) (48,87) (48,88) (48,89)
o36 114 (53,33) (53,34) (53,35) (53,36) (53,37) (53,38) (53,39) (53,40) (53,41) (53,42) (53,43) (53,44) (53,45) (53,46) (53,47) (53,48) (53,49) (53,50) (53,51) (53,52) (53,53) (53,54) (53,55) (53,56) (53,57) (53,58) (53,59) (53,60) (53,61) (53,62) (53,63) (53,64) (53,65) (53,66) (53,67) (53,68) (53,69) (53,70) (53,71) (53,72) (53,73) (53,74) (53,75) (53,76) (53,77) (53,78) (53,79) (53,80) (53,81) (53,82) (53,83) (53,84) (53,85) (53,86) (53,87) (53,88) (53,89) (54,33) (54,34) (54,35) (54,36) (54,37) (54,38) (54,39) (54,40) (54,41) (54,42) (54,43) (54,44) (54,45) (54,46) (54,47) (54,48) (54,49) (54,50) (54,51) (54,52) (54,53) (54,54) (54,55) (54,56) (54,57) (54,58) (54,59) (54,60) (54,61) (54,62) (54,63) (54,64) (54,65) (54,66) (54,67) (54,68) (54,69) (54,70) (54,71) (54,72) (54,73) (54,74) (54,75) (54,76) (54,77) (54,78) (54,79) (54,80) (54,81) (54,82) (54,83) (54,84) (54,85) (54,86) (54,87) (54,88) (54,89)
o37 57 (59,33) (59,34) (59,35) (59,36) (59,37) (59,38) (59,39) (59,40) (59,41) (59,42) (59,43) (59,44) (59,45) (59,46) (59,47) (59,48) (59,49) (59,50) (59,51) (59,52) (59,53) (59,54) (59,55) (59,56) (59,57) (59,58) (59,59) (59,60) (59,61) (59,62) (59,63) (59,64) (59,65) (59,66) (59,67) (59,68) (59,69) (59,70) (59,71) (59,72) (59,73) (59,74) (59,75) (59,76) (59,77) (59,78) (59,79) (59,80) (59,81) (59,82) (59,83) (59,84) (59,85) (59,86) (59,87) (59,88) (59,89)
FIN
