96 96 0.721000
o6 126 (1,82) (1,83) (1,84) (2,82) (2,83) (2,84) (3,82) (3,83) (3,84) (4,82) (4,83) (4,84) (5,82) (5,83) (5,84) (6,82) (6,83) (6,84) (7,82) (7,83) (7,84) (8,82) (8,83) (8,84) (9,82) (9,83) (9,84) (10,82) (10,83) (10,84) (11,82) (11,83) (11,84) (12,82) (12,83) (12,84) (13,82) (13,83) (13,84) (14,82) (14,83) (14,84) (15,82) (15,83) (15,84) (16,82) (16,83) (16,84) (17,82) (17,83) (17,84) (18,82) (18,83) (18,84) (19,82) (19,83) (19,84) (20,82) (20,83) (20,84) (21,82) (21,83) (21,84) (22,82) (22,83) (22,84) (23,82) (23,83) (23,84) (24,82) (24,83) (24,84) (25,82) (25,83) (25,84) (26,82) (26,83) (26,84) (27,82) (27,83) (27,84) (28,82) (28,83) (28,84) (29,82) (29,83) (29,84) (30,82) (30,83) (30,84) (31,82) (31,83) (31,84) (32,82) (32,83) (32,84) (33,82) (33,83) (33,84) (34,82) (34,83) (34,84) (35,82) (35,83) (35,84) (36,82) (36,83) (36,84) (37,82) (37,83) (37,84) (38,82) (38,83) (38,84) (39,82) (39,83) (39,84) (40,82) (40,83) (40,84) (41,82) (41,83) (41,84) (42,82) (42,83) (42,84)
o7 64 (41,52) (41,53) (41,54) (41,55) (41,56) (41,57) (41,58) (41,59) (41,60) (41,61) (41,62) (41,63) (41,64) (41,65) (41,66) (41,67) (41,68) (41,69) (41,70) (41,71) (41,72) (41,73) (41,74) (41,75) (41,76) (41,77) (41,78) (41,79) (41,80) (41,81) (41,82) (41,83) (42,52) (42,53) (42,54) (42,55) (42,56) (42,57) (42,58) (42,59) (42,60) (42,61) (42,62) (42,63) (42,64) (42,65) (42,66) (42,67) (42,68) (42,69) (42,70) (42,71) (42,72) (42,73) (42,74) (42,75) (42,76) (42,77) (42,78) (42,79) (42,80) (42,81) (42,82) (42,83)
o8 111 (1,72) (1,73) (1,74) (2,72) (2,73) (2,74) (3,72) (3,73) (3,74) (4,72) (4,73) (4,74) (5,72) (5,73) (5,74) (6,72) (6,73) (6,74) (7,72) (7,73) (7,74) (8,72) (8,73) (8,74) (9,72) (9,73) (9,74) (10,72) (10,73) (10,74) (11,72) (11,73) (11,74) (12,72) (12,73) (12,74) (13,72) (13,73) (13,74) (14,72) (14,73) (14,74) (15,72) (15,73) (15,74) (16,72) (16,73) (16,74) (17,72) (17,73) (17,74) (18,72) (18,73) (18,74) (19,72) (19,73) (19,74) (20,72) (20,73) (20,74) (21,72) (21,73) (21,74) (22,72) (22,73) (22,74) (23,72) (23,73) (23,74) (24,72) (24,73) (24,74) (25,72) (25,73) (25,74) (26,72) (26,73) (26,74) (27,72) (27,73) (27,74) (28,72) (28,73) (28,74) (29,72) (29,73) (29,74) (30,72) (30,73) (30,74) (31,72) (31,73) (31,74) (32,72) (32,73) (32,74) (33,72) (33,73) (33,74) (34,72) (34,73) (34,74) (35,72) (35,73) (35,74) (36,72) (36,73) (36,74) (37,72) (37,73) (37,74)
o9 23 (37,51) (37,52) (37,53) (37,54) (37,55) (37,56) (37,57) (37,58) (37,59) (37,60) (37,61) (37,62) (37,63) (37,64) (37,65) (37,66) (37,67) (37,68) (37,69) (37,70) (37,71) (37,72) (37,73)
o10 99 (1,62) (1,63) (1,64) (2,62) (2,63) (2,64) (3,62) (3,63) (3,64) (4,62) (4,63) (4,64) (5,62) (5,63) (5,64) (6,62) (6,63) (6,64) (7,62) (7,63) (7,64) (8,62) (8,63) (8,64) (9,62) (9,63) (9,64) (10,62) (10,63) (10,64) (11,62) (11,63) (11,64) (12,62) (12,63) (12,64) (13,62) (13,63) (13,64) (14,62) (14,63) (14,64) (15,62) (15,63) (15,64) (16,62) (16,63) (16,64) (17,62) (17,63) (17,64) (18,62) (18,63) (18,64) (19,62) (19,63) (19,64) (20,62) (20,63) (20,64) (21,62) (21,63) (21,64) (22,62) (22,63) (22,64) (23,62) (23,63) (23,64) (24,62) (24,63) (24,64) (25,62) (25,63) (25,64) (26,62) (26,63) (26,64) (27,62) (27,63) (27,64) (28,62) (28,63) (28,64) (29,62) (29,63) (29,64) (30,62) (30,63) (30,64) (31,62) (31,63) (31,64) (32,62) (32,63) (32,64) (33,62) (33,63) (33,64)
o11 13 (33,51) (33,52) (33,53) (33,54) (33,55) (33,56) (33,57) (33,58) (33,59) (33,60) (33,61) (33,62) (33,63)
o12 87 (1,47) (1,48) (1,49) (2,47) (2,48) (2,49) (3,47) (3,48) (3,49) (4,47) (4,48) (4,49) (5,47) (5,48) (5,49) (6,47) (6,48) (6,49) (7,47) (7,48) (7,49) (8,47) (8,48) (8,49) (9,47) (9,48) (9,49) (10,47) (10,48) (10,49) (11,47) (11,48) (11,49) (12,47) (12,48) (12,49) (13,47) (13,48) (13,49) (14,47) (14,48) (14,49) (15,47) (15,48) (15,49) (16,47) (16,48) (16,49) (17,47) (17,48) (17,49) (18,47) (18,48) (18,49) (19,47) (19,48) (19,49) (20,47) (20,48) (20,49) (21,47) (21,48) (21,49) (22,47) (22,48) (22,49) (23,47) (23,48) (23,49) (24,47) (24,48) (24,49) (25,47) (25,48) (25,49) (26,47) (26,48) (26,49) (27,47) (27,48) (27,49) (28,47) (28,48) (28,49) (29,47) (29,48) (29,49)
o13 3 (29,48) (29,49) (29,50)
o14 15 (1,7) (1,8) (1,9) (2,7) (2,8) (2,9) (3,7) (3,8) (3,9) (4,7) (4,8) (4,9) (5,7) (5,8) (5,9)
o15 120 (7,7) (7,8) (7,9) (8,7) (8,8) (8,9) (9,7) (9,8) (9,9) (10,7) (10,8) (10,9) (11,7) (11,8) (11,9) (12,7) (12,8) (12,9) (13,7) (13,8) (13,9) (14,7) (14,8) (14,9) (15,7) (15,8) (15,9) (16,7) (16,8) (16,9) (17,7) (17,8) (17,9) (18,7) (18,8) (18,9) (19,7) (19,8) (19,9) (20,7) (20,8) (20,9) (21,7) (21,8) (21,9) (22,7) (22,8) (22,9) (23,7) (23,8) (23,9) (24,7) (24,8) (24,9) (25,7) (25,8) (25,9) (26,7) (26,8) (26,9) (27,7) (27,8) (27,9) (28,7) (28,8) (28,9) (29,7) (29,8) (29,9) (30,7) (30,8) (30,9) (31,7) (31,8) (31,9) (32,7) (32,8) (32,9) (33,7) (33,8) (33,9) (34,7) (34,8) (34,9) (35,7) (35,8) (35,9) (36,7) (36,8) (36,9) (37,7) (37,8) (37,9) (38,7) (38,8) (38,9) (39,7) (39,8) (39,9) (40,7) (40,8) (40,9) (41,7) (41,8) (41,9) (42,7) (42,8) (42,9) (43,7) (43,8) (43,9) (44,7) (44,8) (44,9) (45,7) (45,8) (45,9) (46,7) (46,8) (46,9)
o16 24 (7,1) (7,2) (7,3) (7,4) (7,5) (7,6) (7,7) (7,8) (8,1) (8,2) (8,3) (8,4) (8,5) (8,6) (8,7) (8,8) (9,1) (9,2) (9,3) (9,4) (9,5) (9,6) (9,7) (9,8)
o17 42 (46,8) (46,9) (46,10) (46,11) (46,12) (46,13) (46,14) (46,15) (46,16) (46,17) (46,18) (46,19) (46,20) (46,21) (46,22) (46,23) (46,24) (46,25) (46,26) (46,27) (46,28) (46,29) (46,30) (46,31) (46,32) (46,33) (46,34) (46,35) (46,36) (46,37) (46,38) (46,39) (46,40) (46,41) (46,42) (46,43) (46,44) (46,45) (46,46) (46,47) (46,48) (46,49)
o18 12 (7,92) (7,93) (7,94) (7,95) (8,92) (8,93) (8,94) (8,95) (9,92) (9,93) (9,94) (9,95)
FIN
