96 96 0.721000
o6 87 (1,52) (1,53) (1,54) (2,52) (2,53) (2,54) (3,52) (3,53) (3,54) (4,52) (4,53) (4,54) (5,52) (5,53) (5,54) (6,52) (6,53) (6,54) (7,52) (7,53) (7,54) (8,52) (8,53) (8,54) (9,52) (9,53) (9,54) (10,52) (10,53) (10,54) (11,52) (11,53) (11,54) (12,52) (12,53) (12,54) (13,52) (13,53) (13,54) (14,52) (14,53) (14,54) (15,52) (15,53) (15,54) (16,52) (16,53) (16,54) (17,52) (17,53) (17,54) (18,52) (18,53) (18,54) (19,52) (19,53) (19,54) (20,52) (20,53) (20,54) (21,52) (21,53) (21,54) (22,52) (22,53) (22,54) (23,52) (23,53) (23,54) (24,52) (24,53) (24,54) (25,52) (25,53) (25,54) (26,52) (26,53) (26,54) (27,52) (27,53) (27,54) (28,52) (28,53) (28,54) (29,52) (29,53) (29,54)
o7 3 (29,51) (29,52) (29,53)
o8 99 (1,37) (1,38) (1,39) (2,37) (2,38) (2,39) (3,37) (3,38) (3,39) (4,37) (4,38) (4,39) (5,37) (5,38) (5,39) (6,37) (6,38) (6,39) (7,37) (7,38) (7,39) (8,37) (8,38) (8,39) (9,37) (9,38) (9,39) (10,37) (10,38) (10,39) (11,37) (11,38) (11,39) (12,37) (12,38) (12,39) (13,37) (13,38) (13,39) (14,37) (14,38) (14,39) (15,37) (15,38) (15,39) (16,37) (16,38) (16,39) (17,37) (17,38) (17,39) (18,37) (18,38) (18,39) (19,37) (19,38) (19,39) (20,37) (20,38) (20,39) (21,37) (21,38) (21,39) (22,37) (22,38) (22,39) (23,37) (23,38) (23,39) (24,37) (24,38) (24,39) (25,37) (25,38) (25,39) (26,37) (26,38) (26,39) (27,37) (27,38) (27,39) (28,37) (28,38) (28,39) (29,37) (29,38) (29,39) (30,37) (30,38) (30,39) (31,37) (31,38) (31,39) (32,37) (32,38) (32,39) (33,37) (33,38) (33,39)
o9 13 (33,38) (33,39) (33,40) (33,41) (33,42) (33,43) (33,44) (33,45) (33,46) (33,47) (33,48) (33,49) (33,50)
o10 111 (1,27) (1,28) (1,29) (2,27) (2,28) (2,29) (3,27) (3,28) (3,29) (4,27) (4,28) (4,29) (5,27) (5,28) (5,29) (6,27) (6,28) (6,29) (7,27) (7,28) (7,29) (8,27) (8,28) (8,29) (9,27) (9,28) (9,29) (10,27) (10,28) (10,29) (11,27) (11,28) (11,29) (12,27) (12,28) (12,29) (13,27) (13,28) (13,29) (14,27) (14,28) (14,29) (15,27) (15,28) (15,29) (16,27) (16,28) (16,29) (17,27) (17,28) (17,29) (18,27) (18,28) (18,29) (19,27) (19,28) (19,29) (20,27) (20,28) (20,29) (21,27) (21,28) (21,29) (22,27) (22,28) (22,29) (23,27) (23,28) (23,29) (24,27) (24,28) (24,29) (25,27) (25,28) (25,29) (26,27) (26,28) (26,29) (27,27) (27,28) (27,29) (28,27) (28,28) (28,29) (29,27) (29,28) (29,29) (30,27) (30,28) (30,29) (31,27) (31,28) (31,29) (32,27) (32,28) (32,29) (33,27) (33,28) (33,29) (34,27) (34,28) (34,29) (35,27) (35,28) (35,29) (36,27) (36,28) (36,29) (37,27) (37,28) (37,29)
o11 23 (37,28) (37,29) (37,30) (37,31) (37,32) (37,33) (37,34) (37,35) (37,36) (37,37) (37,38) (37,39) (37,40) (37,41) (37,42) (37,43) (37,44) (37,45) (37,46) (37,47) (37,48) (37,49) (37,50)
o12 126 (1,17) (1,18) (1,19) (2,17) (2,18) (2,19) (3,17) (3,18) (3,19) (4,17) (4,18) (4,19) (5,17) (5,18) (5,19) (6,17) (6,18) (6,19) (7,17) (7,18) (7,19) (8,17) (8,18) (8,19) (9,17) (9,18) (9,19) (10,17) (10,18) (10,19) (11,17) (11,18) (11,19) (12,17) (12,18) (12,19) (13,17) (13,18) (13,19) (14,17) (14,18) (14,19) (15,17) (15,18) (15,19) (16,17) (16,18) (16,19) (17,17) (17,18) (17,19) (18,17) (18,18) (18,19) (19,17) (19,18) (19,19) (20,17) (20,18) (20,19) (21,17) (21,18) (21,19) (22,17) (22,18) (22,19) (23,17) (23,18) (23,19) (24,17) (24,18) (24,19) (25,17) (25,18) (25,19) (26,17) (26,18) (26,19) (27,17) (27,18) (27,19) (28,17) (28,18) (28,19) (29,17) (29,18) (29,19) (30,17) (30,18) (30,19) (31,17) (31,18) (31,19) (32,17) (32,18) (32,19) (33,17) (33,18) (33,19) (34,17) (34,18) (34,19) (35,17) (35,18) (35,19) (36,17) (36,18) (36,19) (37,17) (37,18) (37,19) (38,17) (38,18) (38,19) (39,17) (39,18) (39,19) (40,17) (40,18) (40,19) (41,17) (41,18) (41,19) (42,17) (42,18) (42,19)
o13 64 (41,18) (41,19) (41,20) (41,21) (41,22) (41,23) (41,24) (41,25) (41,26) (41,27) (41,28) (41,29) (41,30) (41,31) (41,32) (41,33) (41,34) (41,35) (41,36) (41,37) (41,38) (41,39) (41,40) (41,41) (41,42) (41,43) (41,44) (41,45) (41,46) (41,47) (41,48) (41,49) (42,18) (42,19) (42,20) (42,21) (42,22) (42,23) (42,24) (42,25) (42,26) (42,27) (42,28) (42,29) (42,30) (42,31) (42,32) (42,33) (42,34) (42,35) (42,36) (42,37) (42,38) (42,39) (42,40) (42,41) (42,42) (42,43) (42,44) (42,45) (42,46) (42,47) (42,48) (42,49)
o14 105 (12,92) (12,93) (12,94) (13,92) (13,93) (13,94) (14,92) (14,93) (14,94) (15,92) (15,93) (15,94) (16,92) (16,93) (16,94) (17,92) (17,93) (17,94) (18,92) (18,93) (18,94) (19,92) (19,93) (19,94) (20,92) (20,93) (20,94) (21,92) (21,93) (21,94) (22,92) (22,93) (22,94) (23,92) (23,93) (23,94) (24,92) (24,93) (24,94) (25,92) (25,93) (25,94) (26,92) (26,93) (26,94) (27,92) (27,93) (27,94) (28,92) (28,93) (28,94) (29,92) (29,93) (29,94) (30,92) (30,93) (30,94) (31,92) (31,93) (31,94) (32,92) (32,93) (32,94) (33,92) (33,93) (33,94) (34,92) (34,93) (34,94) (35,92) (35,93) (35,94) (36,92) (36,93) (36,94) (37,92) (37,93) (37,94) (38,92) (38,93) (38,94) (39,92) (39,93) (39,94) (40,92) (40,93) (40,94) (41,92) (41,93) (41,94) (42,92) (42,93) (42,94) (43,92) (43,93) (43,94) (44,92) (44,93) (44,94) (45,92) (45,93) (45,94) (46,92) (46,93) (46,94)
o15 42 (46,52) (46,53) (46,54) (46,55) (46,56) (46,57) (46,58) (46,59) (46,60) (46,61) (46,62) (46,63) (46,64) (46,65) (46,66) (46,67) (46,68) (46,69) (46,70) (46,71) (46,72) (46,73) (46,74) (46,75) (46,76) (46,77) (46,78) (46,79) (46,80) (46,81) (46,82) (46,83) (46,84) (46,85) (46,86) (46,87) (46,88) (46,89) (46,90) (46,91) (46,92) (46,93)
o16 9 (12,93) (12,94) (12,95) (13,93) (13,94) (13,95) (14,93) (14,94) (14,95)
FIN
