96 96 0.721000
o5 105 (1,67) (1,68) (1,69) (2,67) (2,68) (2,69) (3,67) (3,68) (3,69) (4,67) (4,68) (4,69) (5,67) (5,68) (5,69) (6,67) (6,68) (6,69) (7,67) (7,68) (7,69) (8,67) (8,68) (8,69) (9,67) (9,68) (9,69) (10,67) (10,68) (10,69) (11,67) (11,68) (11,69) (12,67) (12,68) (12,69) (13,67) (13,68) (13,69) (14,67) (14,68) (14,69) (15,67) (15,68) (15,69) (16,67) (16,68) (16,69) (17,67) (17,68) (17,69) (18,67) (18,68) (18,69) (19,67) (19,68) (19,69) (20,67) (20,68) (20,69) (21,67) (21,68) (21,69) (22,67) (22,68) (22,69) (23,67) (23,68) (23,69) (24,67) (24,68) (24,69) (25,67) (25,68) (25,69) (26,67) (26,68) (26,69) (27,67) (27,68) (27,69) (28,67) (28,68) (28,69) (29,67) (29,68) (29,69) (30,67) (30,68) (30,69) (31,67) (31,68) (31,69) (32,67) (32,68) (32,69) (33,67) (33,68) (33,69) (34,67) (34,68) (34,69) (35,67) (35,68) (35,69)
o6 17 (35,52) (35,53) (35,54) (35,55) (35,56) (35,57) (35,58) (35,59) (35,60) (35,61) (35,62) (35,63) (35,64) (35,65) (35,66) (35,67) (35,68)
o7 93 (1,57) (1,58) (1,59) (2,57) (2,58) (2,59) (3,57) (3,58) (3,59) (4,57) (4,58) (4,59) (5,57) (5,58) (5,59) (6,57) (6,58) (6,59) (7,57) (7,58) (7,59) (8,57) (8,58) (8,59) (9,57) (9,58) (9,59) (10,57) (10,58) (10,59) (11,57) (11,58) (11,59) (12,57) (12,58) (12,59) (13,57) (13,58) (13,59) (14,57) (14,58) (14,59) (15,57) (15,58) (15,59) (16,57) (16,58) (16,59) (17,57) (17,58) (17,59) (18,57) (18,58) (18,59) (19,57) (19,58) (19,59) (20,57) (20,58) (20,59) (21,57) (21,58) (21,59) (22,57) (22,58) (22,59) (23,57) (23,58) (23,59) (24,57) (24,58) (24,59) (25,57) (25,58) (25,59) (26,57) (26,58) (26,59) (27,57) (27,58) (27,59) (28,57) (28,58) (28,59) (29,57) (29,58) (29,59) (30,57) (30,58) (30,59) (31,57) (31,58) (31,59)
o8 8 (31,51) (31,52) (31,53) (31,54) (31,55) (31,56) (31,57) (31,58)
o9 120 (1,22) (1,23) (1,24) (2,22) (2,23) (2,24) (3,22) (3,23) (3,24) (4,22) (4,23) (4,24) (5,22) (5,23) (5,24) (6,22) (6,23) (6,24) (7,22) (7,23) (7,24) (8,22) (8,23) (8,24) (9,22) (9,23) (9,24) (10,22) (10,23) (10,24) (11,22) (11,23) (11,24) (12,22) (12,23) (12,24) (13,22) (13,23) (13,24) (14,22) (14,23) (14,24) (15,22) (15,23) (15,24) (16,22) (16,23) (16,24) (17,22) (17,23) (17,24) (18,22) (18,23) (18,24) (19,22) (19,23) (19,24) (20,22) (20,23) (20,24) (21,22) (21,23) (21,24) (22,22) (22,23) (22,24) (23,22) (23,23) (23,24) (24,22) (24,23) (24,24) (25,22) (25,23) (25,24) (26,22) (26,23) (26,24) (27,22) (27,23) (27,24) (28,22) (28,23) (28,24) (29,22) (29,23) (29,24) (30,22) (30,23) (30,24) (31,22) (31,23) (31,24) (32,22) (32,23) (32,24) (33,22) (33,23) (33,24) (34,22) (34,23) (34,24) (35,22) (35,23) (35,24) (36,22) (36,23) (36,24) (37,22) (37,23) (37,24) (38,22) (38,23) (38,24) (39,22) (39,23) (39,24) (40,22) (40,23) (40,24)
o10 56 (39,23) (39,24) (39,25) (39,26) (39,27) (39,28) (39,29) (39,30) (39,31) (39,32) (39,33) (39,34) (39,35) (39,36) (39,37) (39,38) (39,39) (39,40) (39,41) (39,42) (39,43) (39,44) (39,45) (39,46) (39,47) (39,48) (39,49) (39,50) (40,23) (40,24) (40,25) (40,26) (40,27) (40,28) (40,29) (40,30) (40,31) (40,32) (40,33) (40,34) (40,35) (40,36) (40,37) (40,38) (40,39) (40,40) (40,41) (40,42) (40,43) (40,44) (40,45) (40,46) (40,47) (40,48) (40,49) (40,50)
o11 132 (1,12) (1,13) (1,14) (2,12) (2,13) (2,14) (3,12) (3,13) (3,14) (4,12) (4,13) (4,14) (5,12) (5,13) (5,14) (6,12) (6,13) (6,14) (7,12) (7,13) (7,14) (8,12) (8,13) (8,14) (9,12) (9,13) (9,14) (10,12) (10,13) (10,14) (11,12) (11,13) (11,14) (12,12) (12,13) (12,14) (13,12) (13,13) (13,14) (14,12) (14,13) (14,14) (15,12) (15,13) (15,14) (16,12) (16,13) (16,14) (17,12) (17,13) (17,14) (18,12) (18,13) (18,14) (19,12) (19,13) (19,14) (20,12) (20,13) (20,14) (21,12) (21,13) (21,14) (22,12) (22,13) (22,14) (23,12) (23,13) (23,14) (24,12) (24,13) (24,14) (25,12) (25,13) (25,14) (26,12) (26,13) (26,14) (27,12) (27,13) (27,14) (28,12) (28,13) (28,14) (29,12) (29,13) (29,14) (30,12) (30,13) (30,14) (31,12) (31,13) (31,14) (32,12) (32,13) (32,14) (33,12) (33,13) (33,14) (34,12) (34,13) (34,14) (35,12) (35,13) (35,14) (36,12) (36,13) (36,14) (37,12) (37,13) (37,14) (38,12) (38,13) (38,14) (39,12) (39,13) (39,14) (40,12) (40,13) (40,14) (41,12) (41,13) (41,14) (42,12) (42,13) (42,14) (43,12) (43,13) (43,14) (44,12) (44,13) (44,14)
o12 38 (44,13) (44,14) (44,15) (44,16) (44,17) (44,18) (44,19) (44,20) (44,21) (44,22) (44,23) (44,24) (44,25) (44,26) (44,27) (44,28) (44,29) (44,30) (44,31) (44,32) (44,33) (44,34) (44,35) (44,36) (44,37) (44,38) (44,39) (44,40) (44,41) (44,42) (44,43) (44,44) (44,45) (44,46) (44,47) (44,48) (44,49) (44,50)
FIN
